6 217
6 218
6 221
7 223
9 224
11 224
14 224
18 221
22 217
27 212
33 205
39 196
43 189
47 181
51 174
53 168
53 164
53 161
53 160
53 162
52 167
50 174
49 181
49 188
49 195
50 200
52 204
54 208
57 209
59 210
62 210
67 208
72 203
77 198
81 193
84 187
87 181
89 176
92 168
93 164
93 163
91 167
88 172
86 179
86 187
86 196
89 203
92 209
95 215
99 219
103 220
105 220
107 220
109 217
111 214
116 210
120 206
123 202
127 199
130 197
132 196
134 196
141 198
144 203
144 204
144 205
144 204
144 201
141 198
136 196
132 195
128 195
125 195
124 196
123 199
121 203
120 207
120 211
120 213
120 215
123 216
127 216
131 216
138 214
143 212
147 209
148 206
150 204
152 200
152 199
151 202
149 206
148 211
148 215
148 218
150 220
152 221
155 221
158 221
161 217
164 213
167 209
168 204
169 201
169 198
169 196
169 195
171 195
172 195
175 195
178 196
179 197
179 199
178 206
178 211
178 215
178 217
180 219
184 219
188 219
193 217
198 213
202 208
206 202
210 197
214 191
218 184
221 179
222 173
223 168
223 165
223 164
222 164
221 164
220 166
218 169
217 174
215 180
215 187
215 193
215 206
217 214
218 217
219 217
220 217
221 214
223 210
226 206
229 203
231 200
235 197
239 194
243 193
247 192
250 192
252 192
253 194
254 197
254 200
254 204
250 208
246 210
242 210
239 210
238 210
237 210
237 209
237 213
239 217
243 220
247 223
253 224
256 224
260 222
262 218
264 215
266 211
269 206
271 202
272 198
272 196
272 194
272 195
272 199
271 205
270 211
270 216
272 218
276 218
280 218
284 217
287 214
293 206
295 202
297 200
297 199
297 198
297 200
296 204
294 209
294 214
294 219
295 223
299 226
303 227
306 227
309 227
312 226
316 223
320 219
323 216
326 211
328 208
329 204
330 201
330 198
331 197
331 196
331 198
331 201
331 204
333 208
338 212
342 216
345 220
346 224
346 228
346 232
343 234
341 235
339 235
338 235
337 235
